1 3 2 4 5 
modelType = 1
5
1
0.00719230891824,0.0794876519103,0.0552169795701,0.631270516588,0.0039311532401,0.00499513732969,0.0071292107837,0.0734029528356,0.438980157725,0.626148305318,0.0428263974221
3
-0.00583445854879,-0.0283590824076,-0.143334659518,-0.716026465551,-0.0286875869673,-0.00273308167424,-0.00447677722741,-0.0123387108291,-0.359654157624,-0.559643648444,-0.149559815822
2
-0.00719211411162,-0.0794867937119,-0.0552149978656,-0.631270001909,-0.00393059908091,-0.00499504144091,-0.00712906539046,-0.0734025080529,-0.43897716925,-0.626151337387,-0.0428253146569
4
-0.00168555352069,-0.00840750526274,-0.148339287594,-0.740277860675,-0.0296751290369,-0.000613704552537,-0.00130661373001,-0.00281169655955,-0.269637618606,-0.574561013854,-0.161849345731
5
-0.00377687969406,-0.0301518995267,-0.0944000879514,-0.753181053035,-0.0118090219636,-0.00126479376224,-0.00290828574471,-0.00632700546533,-0.251902500259,-0.580027992889,-0.151018670633
