1 2 4 5 3 
modelType = 1
5
1
0.558041072304,-0.00497932832553,0.00108935251332,-1.3752496875e-05,-0.0079208197957,-1.73026705616,1.17600774648,-0.000267479648516,0.000324849246136,-0.000290034159169,0.00120576505147
2
-0.951633669274,-0.00212069547206,-0.000369997227059,1.32040694697e-05,0.0079709214735,1.08218891476,-0.448578016288,0.000227619257518,-0.000118607019141,9.85462766404e-05,-0.000720185064184
4
-0.540326151669,0.00166281076758,-0.000471590788488,1.51232905444e-05,0.000341480601013,0.000185531677667,-0.505160253091,5.45146493617e-05,-0.000193689534837,0.000149906981008,-0.000544575170377
5
-0.921129258844,0.000584561136238,-0.000620907427088,-8.89989293066e-06,0.00095691252812,-0.0411753742251,-0.0795784547571,1.4819044038e-05,9.97676439738e-05,-1.81169876741e-05,0.000306044835417
3
-1.14495199252,0.00485265189377,0.000373142929316,-5.67497020849e-06,-0.00134849480693,0.689067983947,-0.142691022343,-2.94733024015e-05,-0.000112320336132,5.96978891953e-05,-0.000247049652328
