1 2 4 3 5 
modelType = 3
10
1,2
0.593888811661,0.0381625036202,0.00145829648401,-0.000156847919583,-0.00796488278609,-1.30714853566,0.612768382636,-0.000263552926043,0.000247321859624,-0.000195499306611,0.00115785488425
1,4
0.789418165435,-0.0233384675757,0.000115854555667,2.88293095117e-05,-0.00140297066752,0.0544899973853,0.389436785377,0.00349709897863,0.000161051527498,-0.000123581852759,0.000621095158469
1,3
1.23968249681,-0.00426963241456,3.38193369186e-06,-2.45083422668e-05,-0.0013652889972,-1.01780141493,0.187727570235,-0.00630862399831,0.000298043333389,-0.000100375058724,0.000114476107722
1,5
1.1232140057,-0.0127843544149,0.000363779822023,-1.18928072179e-05,-0.00185953424511,0.0649866323271,-0.0494918566514,-0.00158116069473,-2.98760545736e-05,5.41749994509e-05,-0.000170598870917
2,4
-0.427521935028,-0.0209575175907,0.00186971320972,3.90516516241e-05,-0.0011420773604,1.03656260616,0.522011254888,-0.000106396992757,3.44875905898e-05,-9.90396301796e-05,0.000298192077987
2,3
0.950409523471,-0.00780389016504,-0.00273080460466,0.000427260744705,0.00683012460821,-1.59546348905,0.745682321934,-8.58218506529e-05,-0.00172775836088,0.00167835901191,-0.0123875396779
2,5
1.15329994107,-0.0273911894705,-0.000488860638647,-5.0995809142e-05,0.000749957128585,0.000164681198882,-0.167219114676,-2.72843977286e-05,9.60191190098e-05,9.08744628666e-05,0.00028375041946
4,3
1.031407171,-0.00276341368531,0.00114504765162,-1.32547678723e-06,-0.00515134231306,-2.76390455143,0.813668041575,-0.00296456364339,0.000146307103398,-5.33584799397e-05,1.89319116592e-05
4,5
1.29672905492,-0.00283340800933,0.000366180407363,1.39288909759e-05,-0.00502837618501,-1.9903201312,0.182076899476,-0.00574730054199,-0.000144824899241,7.20888954572e-05,-0.00053418796935
3,5
0.564640065134,6.58382449463e-05,-0.0137465915016,0.000120628923906,0.0125670235884,2.4901610946,-1.95547086453,-0.00306216680462,-0.000212697718248,6.73628746475e-05,-0.00049520980423
