1 2 4 3 5 
modelType = 3
10
1,2
0.657594181364,0.0351246791988,0.0012640679579,-0.000188380966687,-0.00732085677673,-1.3989778049,0.59879013917,-0.000224392293268,0.000285286549802,-0.000162743897435,0.00126425995285
1,4
0.686080017619,-0.0197359515333,0.000159317127984,2.21045221953e-05,-0.00109810047522,0.0421363574074,0.477408442451,0.00433180943081,0.000172521635817,-0.000153928152488,0.000777620823342
1,3
1.202127167,-0.0042485858404,7.1163832727e-06,-1.60278786961e-05,-0.00121647616001,-0.991862865894,0.219736427791,-0.00611592572353,0.000284119586324,-0.000104890656504,0.000103145265472
1,5
1.11083284929,-0.0113140735746,0.000322270075078,-8.22975256312e-06,-0.0015979502313,0.0857653534169,-0.0562633460522,-0.0027908030327,-3.48393860727e-05,4.29149443958e-05,-0.000113365715116
2,4
-0.660488840593,-0.0141910996842,0.0021095829427,3.3524824665e-05,-0.00136517530225,1.03832003707,0.767019419403,-0.00012458311872,-1.51454332461e-05,-6.20983649729e-05,-0.000392427459817
2,3
0.878771463559,-0.00578156288621,-0.00162679824564,0.00016134659295,0.00515279162876,-1.45084190978,0.726567775268,-6.15486957094e-05,-0.00109436549216,0.00122613503419,-0.00823768981014
2,5
1.15699561732,-0.0274592539461,-0.00018272252057,-5.73186217622e-05,0.000248672835002,0.0774053115712,-0.228552500634,-3.38969253281e-05,-2.67372384615e-06,0.000176960807734,-2.17604964985e-05
4,3
0.975933765278,-0.00271276753297,0.000644022712478,2.16283162648e-06,0.00423671758198,-2.91026191005,0.9349606352,-0.00106220329376,0.000102732867991,-2.61454851579e-05,-6.97248268225e-05
4,5
1.14733635524,0.000429456579591,0.000419888588903,4.71370617948e-06,0.0188019857662,-2.56020949377,0.449400989578,-0.00582142031765,-4.5221352096e-05,7.94110711187e-06,-0.000371496584889
3,5
0.941652549973,-0.000630731456299,-0.0166649173814,0.00013898795133,0.014488773902,3.17938074355,-2.99714987618,-0.00431089235956,-6.06806584639e-05,-6.73706247741e-05,0.00018052693959
