2 1 5 4 3 
modelType = 3
10
2,1
-0.663579202238,-0.0350018367563,-0.000997350338117,0.000184152322742,0.00693059987349,1.33187523611,-0.563553536894,0.000212348764248,-0.000224098686623,0.00011892530191,-0.0013144485052
2,5
1.12847030536,-0.0270718432367,-0.000275794971383,-3.23723134606e-05,0.000444011963603,0.121980805711,-0.249629475755,-1.53567883428e-05,3.76321561735e-05,9.73337546292e-05,0.000263605100259
2,4
-0.523280211115,-0.0165189832221,0.00194398848716,3.47111747557e-05,-0.00127689666473,0.971509812379,0.666966331488,-0.000117565013537,2.24254600549e-05,-8.37026958621e-05,-6.10125111516e-05
2,3
0.681909030479,-0.00543276747355,-0.00115231581433,0.00019610481123,0.00471370557224,-1.52427361255,0.986391087187,-0.000298594992535,0.00163403592307,-0.00135933430227,-0.00687087262024
1,5
1.11331158792,-0.0137340786318,0.000380770877581,-1.29296286484e-05,-0.00197003057559,-0.0367822018961,-0.000118150472657,0.00272393523643,-2.36392473892e-05,5.51327002194e-05,-0.000182759803723
1,4
0.720187017512,-0.0217963459943,0.000199172103927,2.60559968418e-05,-0.00131455259067,0.0317409641049,0.466560753612,0.00437113761915,0.000155210852935,-0.000127953569882,0.000615544058543
1,3
1.19634871203,-0.00439664167961,-1.84332578158e-05,-1.39843951823e-05,-0.00135151736175,-0.985558136318,0.225854026001,-0.0059266775107,0.000275057003512,-9.55464053996e-05,8.06832071943e-05
5,4
-1.25229555826,-0.000145472921775,-0.000184289778447,-7.00680421376e-06,-0.0159939106076,2.56148411908,-0.202798090926,0.00512494372265,9.22534197667e-05,-4.70888671932e-05,0.000479597148618
5,3
-1.00359903324,0.00043982478305,0.0108037507877,-8.84362811007e-05,0.187511415773,-2.84140022246,2.78004095199,0.00127860831698,0.000156774643045,-5.80545413849e-05,0.000351966542125
4,3
0.9498344644,-0.00271999094888,0.00108610353753,8.10832272549e-08,0.012227449376,-2.7653893647,0.831594491364,-0.00201465762025,0.000109670350406,-3.62628713355e-05,1.35228773537e-06
