1 3 2 4 5 
modelType = 1
5
1
0.00313437325023,0.0303576232539,0.072308151598,0.72110644739,0.00723273901881,0.000978817031302,0.00279644299698,0.0063953783473,0.225267944638,0.643505624449,0.0943317869358
3
-0.00313434490749,-0.0303574446076,-0.0723081461726,-0.721107507359,-0.00723271920825,-0.000978804357271,-0.00279640892739,-0.00639529906414,-0.225267528674,-0.643504585064,-0.0943318385006
2
-0.000192222329577,-0.00211672101116,-0.0686176424096,-0.755659436776,-0.00615937820054,-4.11571638283e-05,-0.000158158920714,-0.000284408244583,-0.162535802087,-0.621907629535,-0.105075616264
4
-0.00599536957687,-0.0418624407486,-0.10188508409,-0.708042935752,-0.0145649397807,-0.00186480549062,-0.00544436747567,-0.00923260882476,-0.221352531634,-0.645407773103,-0.143623077372
5
-0.00253923617175,-0.0203096039671,-0.0939399399909,-0.749496784847,-0.0117440156241,-0.000995381473429,-0.00191205042967,-0.00490031381752,-0.293792572265,-0.565094278404,-0.152311288952
